3.967677078608069507e-01 1.121962732741610402e+00
4.238740086377837946e-01 9.438356032024937114e-01
5.441468254670290827e-01 -4.500385511891628609e-01
6.820196880817275265e-01 -1.628952534747187153e+00
4.163215551276907567e-01 8.504228764846222255e-01
5.187250055216401368e-01 -3.827858845193883308e-01
3.699597715266822462e-01 1.592020093559399330e+00
5.991479526804570632e-01 -1.177516213907243925e+00
6.858427941829802199e-01 -1.750057614230626557e+00
1.324019150626339902e-01 1.366176156591347057e+00
5.744430972300892391e-01 -9.169637927124619781e-01
3.522386238148011994e-02 4.907782990732676986e-01
9.599492066568280357e-01 -6.026495565775353835e-01
7.417620489268359485e-01 -2.096999863226150396e+00
2.545809296861379911e-01 2.076623412905728827e+00
3.800144326096681624e-01 1.301932260225439286e+00
1.919461694596565904e-01 1.895887799049181366e+00
8.079196075558788825e-01 -1.843966949561193003e+00
5.359885634908754248e-01 -5.608290810067464438e-01
1.408171955204153836e-01 1.747273952783210849e+00
7.207343087398074832e-01 -2.062511106162717489e+00
4.512865612044337782e-01 5.826243783324012160e-01
1.227504932707640384e-01 1.377633420366613404e+00
2.123446780704090209e-01 1.765884812943756987e+00
2.863569048756283708e-01 2.077844070168555213e+00
8.484219660530797347e-01 -1.706679788078535820e+00
7.441641983107395442e-01 -2.043737782053321350e+00
4.644575505384578307e-01 3.794700147286286795e-01
4.788642558248523695e-01 2.454595390739556515e-01
4.912516428169150240e-01 -9.049207533169043027e-02
3.138145702660756209e-01 1.747731163790882336e+00
4.850335363947080314e-01 1.837193608969981962e-01
7.567427090562028891e-02 1.056474928596168761e+00
6.942760609793260373e-01 -2.023436976512356544e+00
3.228900749715447605e-01 1.823107845772487634e+00
9.128663645472425703e-01 -1.080622515433441899e+00
4.729347325009988223e-01 2.636461844179562308e-01
1.626462777055268649e-01 1.531723783943414130e+00
3.230331373468385836e-01 1.822931058118671732e+00
7.659572004547681168e-01 -2.012335009799081753e+00
6.007620694797706218e-01 -1.155281353840505787e+00
3.724798860618961927e-01 1.334427842125277763e+00
6.911138497306651418e-01 -1.723242096544099544e+00
9.783081924800809404e-01 -1.439988067853978926e-01
3.675943739369527119e-01 1.413050803081212781e+00
8.322557937541845696e-01 -1.742265052703316108e+00
3.042868272103604887e-02 2.839010520439381180e-01
9.113356610584363304e-01 -1.032883254785701643e+00
8.847710473537386822e-01 -1.358527255271750001e+00
9.894773515944373932e-01 -1.922918191020036027e-01
3.475486605342329449e-01 1.882559401214895400e+00
6.543258920469443574e-01 -1.413768309321493000e+00
5.386205828731803757e-01 -5.502542430730887890e-01
8.908269569904542218e-01 -1.262820023413527837e+00
6.129750948940823063e-01 -1.283439030204929221e+00
1.158751064819223409e-01 1.481745407953409144e+00
8.730317988725052603e-01 -1.556947678299271720e+00
6.293073479664573755e-01 -1.291186011235704756e+00
6.077717278447447580e-02 7.930172068981201638e-01
6.046791851477799629e-01 -1.078189083542113957e+00
6.185089074337102311e-01 -1.471922141580442212e+00
8.214897939485424905e-01 -1.890827393994129801e+00
2.782945198387002383e-01 2.097045673942578237e+00
2.033445030035047063e-01 1.789860089635833429e+00
1.366377278242048021e-02 1.154276939777428429e-01
8.900574362828863606e-01 -1.284487232371313459e+00
1.182339554984276342e-01 1.548297065889102875e+00
3.525621605410643733e-01 1.535718086530226456e+00
6.066163735225488240e-01 -1.238936450135729173e+00
8.015586572949056077e-01 -2.000306299716228420e+00
5.719375288513773858e-01 -7.477754247743624294e-01
3.141715047556810081e-01 1.770677548671129031e+00
3.733551168345984328e-01 1.407052962949788100e+00
6.429937458844562359e-01 -1.625268864855341944e+00
8.673434977477483265e-01 -1.451497297258543151e+00
8.535032324684105332e-01 -1.694830303004610794e+00
8.432694015448920499e-01 -1.685911493056440946e+00
8.256874477357162290e-01 -1.889297687018592464e+00
9.531177559205727956e-01 -7.766979286509465563e-01
7.568174020795692680e-02 8.873270621232971500e-01
8.645075997969853265e-02 1.035032995224191232e+00
8.609750939077713827e-01 -1.511279404802987170e+00
9.569846229312815034e-01 -4.368307819561157435e-01
5.984079423608523740e-02 6.934389930219377884e-01
7.576758764661416512e-01 -1.942711299761157084e+00
1.477543099090019574e-01 1.626481419230724423e+00
9.542377238938621886e-01 -6.470015976112440947e-01
5.992959273580817925e-01 -1.135799373116262556e+00
7.774332101771341819e-01 -1.930877412453965825e+00
9.104662042645522702e-01 -9.096682695483560011e-01
3.264087384469698261e-01 1.767318070834471788e+00
7.015458511492465021e-01 -1.911839180091353230e+00
7.205572596341424108e-01 -2.062133043315411030e+00
4.922982910318106642e-01 -9.804178479447561712e-03
5.915643306986354544e-01 -9.931483276802496318e-01
7.502476915155164017e-01 -2.014629585553188829e+00
7.324950365476312619e-02 8.589061473304224759e-01
7.888003978383995030e-02 1.178182900337555461e+00
8.621534265546216824e-01 -1.340097592988717334e+00
2.885989647930403690e-01 1.995802775823663389e+00
4.777718469787640698e-01 2.768706331978592616e-01
6.911589563548853343e-01 -1.856860390741339240e+00
1.766146012458973402e-01 1.788898086903730311e+00
9.142700351936527969e-01 -8.194907966525912801e-01
3.772218408109813126e-01 1.416267422514694507e+00
4.389345249806672067e-01 7.481733878920899805e-01
4.672968588377549581e-01 4.949731424637380250e-01
9.774127647961093901e-01 -2.550565672115922555e-01
3.920768616798597783e-01 1.204321399946344240e+00
9.905717403638629737e-01 -3.832381419076419382e-02
3.200415851126345856e-01 1.815764377041994004e+00
5.461909549687017362e-01 -6.810230259468121883e-01
8.924460292603501044e-01 -1.195388217198011249e+00
3.776015886579351388e-01 1.269351650943379983e+00
1.751887739971220714e-01 1.922284156901707286e+00
7.767605115359266232e-01 -1.705776984224478543e+00
7.993889416215264054e-01 -1.844594217691350124e+00
4.065959519245581077e-01 1.152515408044318512e+00
6.416528683519040488e-02 8.257793352873348258e-01
8.096385228736024953e-01 -1.877982074447869243e+00
4.824426888111416067e-01 2.614378115259206048e-01
3.755351819124537194e-01 1.382585644742121644e+00
8.212138061160423330e-01 -1.599982408890307184e+00
5.584307529249035174e-01 -7.423564588438211764e-01
9.028937095277315139e-01 -1.318197603375130811e+00
3.084732562477376927e-02 3.785665249839550994e-01
3.067555070844790732e-01 1.923842081095870737e+00
1.618134223748683986e-01 1.792674295833920572e+00
8.386562573844791313e-01 -1.456343051743945294e+00
1.985743378303042039e-01 1.800982865153117896e+00
1.153270361121949694e-01 1.240296962174505246e+00
1.742152949849012922e-01 1.504487450280067584e+00
3.833755480801298576e-01 1.413328560687720836e+00
7.505201565060944935e-01 -2.099764679121554511e+00
7.539623175194968274e-01 -1.997217710913973487e+00
2.571349598696948124e-02 4.014733293006126358e-01
7.064775299154653077e-01 -1.924809784067849527e+00
7.020874082631872737e-01 -1.883387675612042012e+00
1.769894668663971604e-01 1.761781409042735502e+00
3.396217578660956082e-01 1.738512481387674224e+00
9.722119280647942841e-01 -4.219558200239217904e-01
4.426767343984689962e-01 7.458923610664720538e-01
5.692878116145544398e-01 -9.260369539869285349e-01
3.528881074259009321e-01 1.518691781741984048e+00
4.848111160990370427e-01 2.085150234402513569e-01
5.716188281753861178e-01 -8.262778596535615971e-01
8.152688528925287059e-01 -1.786545270529990015e+00
9.835199771201139640e-01 -1.062221819616162022e-01
4.980948208788081866e-01 -2.000747711254948630e-02
5.275847989791593307e-02 9.029474362015821320e-01
6.947121858565087349e-01 -1.857060314757624120e+00
7.971325292045339239e-01 -1.920591761568068767e+00
3.354398934008152589e-01 1.597072503320215109e+00
2.958567744493855178e-01 1.900422910473455573e+00
8.985468339917106473e-01 -1.132080322543420170e+00
5.527409926595028278e-02 7.670000839887076705e-01
8.804780440171414702e-01 -1.305473069327826252e+00
7.882480550321568913e-02 9.240386256033028545e-01
2.970430717534076059e-01 1.785314698211746709e+00
7.906291341959645891e-01 -1.799811439744710473e+00
1.280130182355291302e-01 1.504643250859160064e+00
3.492984370962958218e-01 1.547300736452932757e+00
1.129167886217607997e-02 3.551603716394835519e-01
7.404343019720087682e-01 -1.914299511121417385e+00
1.605942289892030583e-01 1.469962989791579799e+00
3.375318562991644900e-01 1.688614646413258757e+00
8.442512574100463629e-01 -1.611928830906439236e+00
1.892028694442349224e-01 1.908676087839859203e+00
6.891472309900725790e-02 8.671925485014273516e-01
8.478058611606664741e-01 -1.735767931957706178e+00
3.665742119963291135e-01 1.595201613007493302e+00
3.917110776023868812e-02 5.373228920003388920e-01
3.517447271802636166e-01 1.773350922643609717e+00
9.928842108298663316e-02 1.097781950143853713e+00
9.197190906171099911e-01 -9.365201441514106051e-01
4.153352298024581835e-02 5.075106958735793317e-01
1.168735132422836775e-01 1.270929849350158403e+00
6.343928930491931073e-01 -1.434082190509039734e+00
1.673042917475549007e-01 1.718298901600217254e+00
2.262258619768547918e-01 1.914923063691744254e+00
4.522333786086289997e-01 6.421631684329343059e-01
2.475712705503974043e-01 2.060273076384667945e+00
5.139908051010010359e-01 -1.497844880438091719e-01
6.261588529815044213e-01 -1.411099062528619497e+00
1.722266186531188348e-01 1.717548247339301337e+00
4.277471203167867442e-01 9.397214628911839673e-01
6.037950193858395709e-01 -1.171032309537561433e+00
5.888554984106415535e-01 -1.067356158587772663e+00
3.927127744544739452e-01 1.169427274727268040e+00
7.286173112207187108e-01 -1.904528188979640824e+00
8.146629925901810454e-01 -1.647837149930359901e+00
9.262022704856114341e-01 -7.331681627759567554e-01
9.336070705994846675e-01 -8.680779628850542329e-01
1.498849905931393112e-01 1.527075302438829496e+00
8.403656006419781832e-01 -1.851355271635815480e+00
8.130652436114974568e-01 -1.786411035169636063e+00
6.322651624043434948e-01 -1.457192647868319924e+00
6.120750011766679100e-01 -1.148011310125955475e+00
1.494711972663542721e-01 1.655234786437158379e+00
3.876766986496829048e-01 1.276731331706452588e+00
