Distancias A
B 214 B
C 5756 6261 C
D 735 753 5859 D
E 4432 5398 2875 4235 E
F 10096 9379 12368 11046 13713 F
G 4022 4324 4127 4086 1607 14861 G
H 15500 18509 10711 18911 11772 16002 12556 H
I 4510 5051 10180 5786 9276 10389 7375 18281 I
J 7294 6505 13281 8655 11145 5783 13231 20729 4318 J
K 10884 11609 18444 9764 12810 9432 13392 16388 5521 5908 K
L 9539 8533 5232 7446 4283 20058 3825 9233 12949 15432 14757 L
M 2348 2200 8704 3212 6962 9401 6272 17395 2374 5653 7805 10003 M
N 17295 19766 15116 19167 18921 8085 23851 7856 15750 12727 12011 15206 19828 N
O 15874 16190 20724 16216 15609 12406 13769 13087 10464 9423 4099 17647 12635 8628 O
P 3099 2998 7621 2726 8108 8882 6441 18322 3187 4829 8606 10849 2362 17348 14245 P
Q 14407 15853 10967 15870 9836 18068 9789 2180 17812 20401 15427 7363 15501 10122 12127 19662 Q
R 4088 3513 10844 4482 7983 8271 8028 21573 1608 4079 7698 12818 2246 15046 12211 1271 20815 R
S 5190 6484 12153 6077 9465 10484 8882 19117 1714 5382 4714 10754 3483 15838 8060 4247 18934 3697 S
T 3256 3690 9783 4275 8669 9573 6620 23059 2293 4655 8663 11222 2333 15559 12769 843 20577 719 3791 T
U 13632 12588 8999 12305 11139 6976 13963 10679 14621 12584 16780 13441 16146 7741 16431 13074 10714 15959 15433 13151 U
V 21875 19651 18338 24173 17716 12170 16539 5862 19640 14727 13589 15089 20311 2711 8318 19038 7005 20471 15552 18762 9652 V
W 22674 21057 14165 22637 16852 11395 20264 5708 19512 16700 14633 15968 20239 3199 9994 20691 7241 20109 17413 19520 8327 574 W
X 9936 10330 10598 9409 13891 2332 12750 16709 12021 7934 13816 15281 10928 10274 15165 9206 17929 9522 11437 8720 5525 10966 11121 X
Y 7173 8710 10415 8861 8708 16239 7798 15089 5933 9076 6037 8032 6676 16430 8763 8948 12750 6947 4568 7411 21289 15529 15969 17166 Y
Z 20103 22211 17030 20634 17762 11619 18943 4350 17891 16151 13683 12636 23471 3780 10817 18903 6561 21530 20819 20357 7777 1190 941 11700 17990 Z